x=-7 Px=-425
0: 1 0 2 1 0
x=-4 Px=-272
1: 1 4 0 1 0
x=-2 Px=-160
2: 1 5 1 0 0
x=0 Px=-40
3: 1 3 1 0 0
x=1 Px=23
4: 0 0 0 0 1
x=6 Px=368
5: 0 4 0 0 1
x=10 Px=680
6: 0 3 1 1 0
 1 0 0 1 0
 1 0 0 1 0
 1 1 1 0 0
 1 1 1 0 0
 0 0 0 0 1
 0 0 0 0 1
 0 1 1 1 0
 1 0 0 1 0    1
 1 0 0 1 0    0 1
 1 1 1 0 0    0 0 1
 1 1 1 0 0    0 0 0 1
 0 0 0 0 1    0 0 0 0 1
 0 0 0 0 1    0 0 0 0 0 1
 0 1 1 1 0    0 0 0 0 0 0 1
dep: 0 1 -> 2 4 2 2 0 -> X=648, Y=340 -> 11
dep: 2 3 -> 2 8 2 0 0 -> X=899, Y=80 -> 13
dep: 4 5 -> 0 4 0 0 2 -> X=183, Y=92 -> 13
dep: 0 2 6 -> 2 8 4 2 0 -> X=508, Y=794 -> 143
